4 2 40	59
4 2 41	62
5 1 39	54
4 2 44	72
4 2 45	73
4 2 42	63
4 2 43	68
6 1 2	1
5 1 43	69
5 1 40	77
4 2 15	45
4 2 16	57
4 2 13	41
4 2 14	61
4 2 11	12
4 2 12	51
4 2 10	11
5 1 11	39
4 2 6	71
4 2 7	8
5 1 12	13
4 2 8	79
4 2 9	21
5 1 10	55
4 2 2	3
5 1 15	16
4 2 3	2
5 1 16	17
4 2 4	4
5 1 13	14
4 2 5	5
5 1 14	15
4 2 26	28
5 1 19	53
4 2 27	66
5 1 17	37
4 2 24	74
4 2 25	34
5 1 18	52
4 2 22	76
4 2 23	25
4 2 21	23
5 1 22	24
5 1 23	64
5 1 20	22
5 1 21	67
4 2 19	20
5 1 26	32
5 1 27	29
4 2 17	18
5 1 24	26
4 2 18	19
5 1 25	27
5 1 4	70
5 1 5	6
5 1 2	46
5 1 3	31
5 1 8	9
5 1 9	10
5 1 6	7
5 1 7	75
4 2 37	49
4 2 38	78
5 1 28	30
4 2 35	43
4 2 36	44
5 1 29	58
4 2 33	48
4 2 34	42
4 2 32	38
5 1 33	40
5 1 31	36
5 1 37	60
5 1 38	50
4 2 28	47
5 1 35	65
4 2 29	33
5 1 36	56
5 1 30	35
